# Camera list with one line of data per camera:
#   CAMERA_ID, MODEL, WIDTH, HEIGHT, PARAMS[]
# Number of cameras: 21
21 SIMPLE_RADIAL 1200 1600 1141.5171104261276 600 800 -0.0011966397672273099
20 SIMPLE_RADIAL 1200 1600 1143.5493431475722 600 800 0.0012039933323997212
19 SIMPLE_RADIAL 1200 1600 1135.8684645854098 600 800 -0.0069947175840849446
18 SIMPLE_RADIAL 1200 1600 1145.0990995995828 600 800 -0.0057904501954826959
17 SIMPLE_RADIAL 1200 1600 1142.9760702802648 600 800 -0.0080183463762004137
16 SIMPLE_RADIAL 1200 1600 1135.888290735305 600 800 -0.0071705026098300133
15 SIMPLE_RADIAL 1200 1600 1145.0237610968657 600 800 -0.005889281800620462
14 SIMPLE_RADIAL 1200 1600 1142.858630884454 600 800 -0.0079803835502799889
1 SIMPLE_RADIAL 1200 1600 1130.112204347316 600 800 -0.0023740838788859531
2 SIMPLE_RADIAL 1200 1600 1137.567668025185 600 800 -0.0033856039486797576
3 SIMPLE_RADIAL 1200 1600 1131.527663586382 600 800 -0.0026597699254159806
4 SIMPLE_RADIAL 1200 1600 1149.9667322308819 600 800 -0.0054853840150487177
5 SIMPLE_RADIAL 1200 1600 1136.6121594535418 600 800 -0.0037581488707671084
6 SIMPLE_RADIAL 1200 1600 1140.1668146388267 600 800 -0.0044852834577038146
7 SIMPLE_RADIAL 1200 1600 1146.6656702860682 600 800 -0.0019087572266373227
8 SIMPLE_RADIAL 1200 1600 1136.5968700937945 600 800 -0.0032661376425745432
9 SIMPLE_RADIAL 1200 1600 1146.5216656796024 600 800 -0.001541892886161046
10 SIMPLE_RADIAL 1200 1600 1130.982086804039 600 800 -0.0029780458171893526
11 SIMPLE_RADIAL 1200 1600 1141.0487557602366 600 800 -0.0021565666991860857
12 SIMPLE_RADIAL 1200 1600 1145.2390197970969 600 800 -0.0068032341352637516
13 SIMPLE_RADIAL 1200 1600 1128.1601697710946 600 800 -0.0017776093479116724
